1 111  F067  HLZ  SM  01	3  80  0.939 3.0 0.8 0.05  3.5  0.9961  1000000  1.0  0.001
0 111  F041  HLZ  SM  01	3  80  0.939 3.0 0.8 0.10  3.5  0.9961  1000000  0.09  0.002
1 111  F015  HLZ  SM  01	3  80  0.939 3.0 0.8 0.15  4.5  0.9961  1000000  0.01  0.001
1 111  F036  HLZ  SM  01	3  80  0.939 3.0 0.8 0.10  3.5  0.9961  1000000  0.04  0.02
1 111  F026  HLZ  SM  01	3  80  0.939 3.0 0.8 0.05  4.5  0.9961  1000000  0.4  0.01
1 111  F042  HLZ  SM  01	3  80  0.839 3.0 0.8 0.05  3.0  0.9961  1000000  0.2    0.004
1 111  A049  HLZ  SM  01	3  80  0.939 3.0 0.8 0.05  4.5  0.9961  1000000  0.01  0.001
1 111  A024  HLZ  SM  01	3  80  0.939 3.0 0.8 0.05  4.5  0.9961  1000000  0.001  0.006
1 111  A084  HLZ  SM  01	3  80  0.939 3.0 0.8 0.05  4.5  0.9961  1000000  0.1  0.006
1 111  A052  HLZ  SM  01	3  80  0.939 3.0 0.8 0.05  3.0  0.9961  1000000  0.1  0.001
1 111  A003  HLZ  SM  01	3  80  0.939 3.0 0.8 0.05  4.5  0.9961  1000000  0.1  0.07
1 111  A075  HLZ  SM  01	3  80  0.939 3.0 0.8 0.15  4.0  0.9961  1000000  0.01  0.008
1 111  A046  HLZ  SM  01	3  80  0.939 3.0 0.8 0.05  4.5  0.9961  1000000  0.2  0.001
1 111  A010  HLZ  SM  01	3  80  0.939 3.0 0.8 0.05  4.5  0.9961  1000000  0.2  0.001
1 111  A072  HLZ  SM  01	3  80  0.939 3.0 0.8 0.05  4.5  0.9961  1000000  0.2  0.001
1 111  A071  HLZ  SM  01	3  80  0.939 3.0 0.8 0.05  4.5  0.9961  1000000  0.2  0.005
1 111  A043  HLZ  SM  01	3  80  0.939 3.0 0.8 0.05  4.5  0.9961  1000000  0.2  0.03
1 111  A078  HLZ  SM  01	3  80  0.939 3.0 0.8 0.15  4.5  0.9961  1000000  0.3  0.008
1 111  A039  HLZ  SM  01	3  80  0.939 3.0 0.8 0.05  4.5  0.9961  1000000  0.3  0.001
1 111  A083  HLZ  SM  01	3  80  0.939 3.0 0.8 0.15  4.5  0.9961  1000000  0.001  0.02
1 111  A115  HLZ  SM  01	3  80  0.939 3.0 0.8 0.05  4.5  0.9961  1000000  0.3  0.01
1 111  A016  HLZ  SM  01	3  80  0.939 3.0 0.8 0.05  4.5  0.9961  1000000  0.3  0.001
1 111  A051  HLZ  SM  01	3  80  0.939 3.0 0.8 0.05  4.5  0.9961  1000000  0.3  0.005
1 111  A124  HLZ  SM  01	3  80  0.939 3.0 0.8 0.15  4.5  0.9961  1000000  0.01  0.001
1 111  A034  HLZ  SM  01	3  80  0.939 3.0 0.8 0.05  4.0  0.9961  1000000  0.3  0.01
1 111  A125  HLZ  SM  01	3  80  0.939 3.0 0.8 0.05  4.5  0.9961  1000000  0.3  0.001
1 111  A038  HLZ  SM  01	3  80  0.939 3.0 0.8 0.05  4.5  0.9961  1000000  0.1  0.01
1 111  A047  HLZ  SM  01	3  80  0.939 3.0 0.8 0.15  4.5  0.9961  1000000  0.01  0.001
1 111  A026  HLZ  SM  01	3  80  0.939 3.0 0.8 0.15  4.5  0.9961  1000000  0.01  0.001
1 111  A032  HLZ  SM  01	3  80  0.939 3.0 0.8 0.05  4.5  0.9961  1000000  0.3  0.007
1 111  A085  HLZ  SM  01	3  80  0.939 3.0 0.8 0.05  4.5  0.9961  1000000  0.3  0.001
1 111  A002  HLZ  SM  01	3  80  0.939 3.0 0.8 0.05  4.5  0.9961  1000000  0.3  0.001
1 111  A020  HLZ  SM  01	3  80  0.939 3.0 0.8 0.05  3.5  0.9961  1000000  0.3  0.006
1 111  A007  HLZ  SM  01	3  80  0.939 3.0 0.8 0.05  4.5  0.9961  1000000  0.01  0.001
1 111  A009  HLZ  SM  01	3  80  0.939 3.0 0.8 0.15  4.5  0.9961  1000000  0.08  0.01
1 111  A014  HLZ  SM  01	3  80  0.939 3.0 0.8 0.05  4.5  0.9961  1000000  0.1  0.03
1 111  A006  HLZ  SM  01	3  80  0.939 3.0 0.8 0.15  4.5  0.9961  1000000  0.001  0.006
1 111  A025  HLZ  SM  01	3  80  0.939 3.0 0.8 0.05  4.5  0.9961  1000000  0.1  0.4
1 111  A030  HLZ  SM  01	3  80  0.939 3.0 0.8 0.05  4.5  0.9961  1000000  0.3  0.02
1 111  A013  HLZ  SM  01	3  80  0.939 3.0 0.8 0.05  4.5  0.9961  1000000  0.3  0.001
1 111  E035  HLZ  SM  01	3  80  0.939 3.0 0.8 0.10  4.0  0.9961  1000000  0.3    0.008
1 111  E004  HLZ  SM  01	3  80  0.939 3.0 0.8 0.10  4.5  0.9961  1000000  0.05   0.01
1 111  E046  HLZ  SM  01	3  80  0.939 3.0 0.8 0.10  4.0  0.9961  1000000  0.3   0.005
1 111  E026  HLZ  SM  01	3  80  0.939 3.0 0.8 0.10  4.0  0.9961  1000000  0.6   0.01
1 111  E042  HLZ  SM  01	3  80  0.939 3.0 0.8 0.05  5.0  0.9961  1000000  1.0   0.1
0 111  E037  HLZ  SM  01	3  80  0.939 3.0 0.8 0.05  5.0  0.9961  1000000  0.5    0.01
1 111  E022  HLZ  SM  01	3  80  0.939 3.0 0.8 0.05  3.5  0.9961  1000000  1.2    0.001
1 111  E023  HLZ  SM  01	3  80  0.939 3.0 0.8 0.10  3.5  0.9961  1000000  1.5   0.008
1 111  E062  HLZ  SM  01	3  80  0.939 3.0 0.8 0.05  5.0  0.9961  1000000  0.2   0.008
1 111  E033  HLZ  SM  01	3  80  0.939 3.0 0.8 0.10  4.5  0.9961  1000000  0.03   0.02
1 111  G023  HLZ  SM  01	3  80  0.939 3.0 0.8 0.15  4.5  0.9961  1000000  0.01  0.001
1 111  G026  HLZ  SM  01	3  80  0.939 3.0 0.8 0.10  4.5  0.9961  1000000  0.6        0.01
1 111  G037  HLZ  SM  01	3  80  0.939 3.0 0.8 0.10  4.5  0.9961  1000000  0.9  0.01
1 111  G035  HLZ  SM  01	3  80  0.939 3.0 0.8 0.10  4.5  0.9961  1000000  0.2    0.008
1 111  G031  HLZ  SM  01	3  80  0.939 3.0 0.8 0.05  3.5  0.9961  1000000  0.5  0.001
1 111  G045  HLZ  SM  01	3  80  0.939 3.0 0.8 0.15  4.0  0.9961  1000000  0.4    0.01
1 111  G020  HLZ  SM  01	3  80  0.939 3.0 0.8 0.10  4.5  0.9961  1000000  0.4  0.01
1 111  G025  HLZ  SM  01	3  80  0.939 3.0 0.8 0.15  3.5  0.9961  1000000  0.01  0.008
1 111  G021  HLZ  SM  01	3  80  0.939 3.0 0.8 0.05  3.5  0.9961  1000000  0.5   0.001
1 111  D063  HLZ  SM  01	3  80  0.939 3.0 0.8 0.10  4.5  0.9961  1000000  2.8  0.005
0 111  D012  HLZ  SM  01	3  80  0.939 3.0 0.8 0.05  4.0  0.9961  1000000  0.1    0.01
1 111  D085  HLZ  SM  01	3  80  0.939 3.0 0.8 0.05  5.0  0.9961  1000000  0.8    0.01
1 111  D088  HLZ  SM  01	3  80  0.939 3.0 0.8 0.15  4.5  0.9961  1000000  0.01  0.001
1 111  D062  HLZ  SM  01	3  80  0.939 3.0 0.8 0.10  3.0  0.9961  1000000  0.5  0.008
1 111  D008  HLZ  SM  01	3  80  0.939 3.0 0.8 0.10  4.5  0.9961  1000000  0.3  0.01
1 111  D066  HLZ  SM  01	3  80  0.939 3.0 0.8 0.10  3.5  0.9961  1000000  0.8  0.001
1 111  D015  HLZ  SM  01	3  80  0.939 3.0 0.8 0.05  5.5  0.9961  1000000  0.8    0.01
1 111  D017  HLZ  SM  01	3  80  0.939 3.0 0.8 0.15  4.5  0.9961  1000000  0.01  0.001
1 111  D090  HLZ  SM  01	3  80  0.939 3.0 0.8 0.10  4.5  0.9961  1000000  0.6   0.2
1 111  D067  HLZ  SM  01	3  80  0.939 3.0 0.8 0.10  4.0  0.9961  1000000  0.8   0.01
1 111  D068  HLZ  SM  01	3  80  0.939 3.0 0.8 0.05  4.5  0.9961  1000000  0.2    0.03
1 111  D054  HLZ  SM  01	3  80  0.939 3.0 0.8 0.10  4.5  0.9961  1000000  0.1  0.01
1 111  D069  HLZ  SM  01	3  80  0.939 3.0 0.8 0.10  4.5  0.9961  1000000  0.01   0.06
1 111  D065  HLZ  SM  01	3  80  0.939 3.0 0.8 0.10  3.5  0.9961  1000000  0.5  0.005
1 111  D013  HLZ  SM  01	3  80  0.939 3.0 0.8 0.10  3.5  0.9961  1000000  0.5  0.03
1 111  D009  HLZ  SM  01	3  80  0.939 3.0 0.8 0.10  4.0  0.9961  1000000  0.8  0.001
1 111  D020  HLZ  SM  01	3  80  0.939 3.0 0.8 0.05  4.5  0.9961  1000000  0.7    0.01
1 111  D014  HLZ  SM  01	3  80  0.939 3.0 0.8 0.15  4.5  0.9961  1000000  0.01  0.001
1 111  D086  HLZ  SM  01	3  80  0.939 3.0 0.8 0.15  4.0  0.9961  1000000  0.6  0.001
1 111  D064  HLZ  SM  01	3  80  0.939 3.0 0.8 0.10  4.0  0.9961  1000000  0.6  0.001
1 111  D011  HLZ  SM  01	3  80  0.939 3.0 0.8 0.15  4.5  0.9961  1000000  0.001  0.02
1 111  D109  HLZ  SM  01	3  80  0.939 3.0 0.8 0.10  4.0  0.9961  1000000  0.5  0.001
1 111  D108  HLZ  SM  01	3  80  0.939 3.0 0.8 0.05  4.0  0.9961  1000000  0.5    0.01
1 111  D105  HLZ  SM  01	3  80  0.939 3.0 0.8 0.10  4.5  0.9961  1000000  0.5  0.008
1 111  D107  HLZ  SM  01	3  80  0.939 3.0 0.8 0.10  4.0  0.9961  1000000  0.5   0.001
1 111  D104  HLZ  SM  01	3  80  0.939 3.0 0.8 0.15  4.5  0.9961  1000000  0.01  0.001
0 111  D103  HLZ  SM  01	3  80  0.939 3.0 0.8 0.10  3.5  0.9961  1000000  0.8  0.0001
1 111  D106  HLZ  SM  01	3  80  0.939 3.0 0.6 0.10  3.5  0.9961  1000000  0.8  0.001
1 111  D110  HLZ  SM  01	3  80  0.939 3.0 0.8 0.15  4.5  0.9961  1000000  0.01  0.001
1 111  D116  HLZ  SM  01	3  80  0.939 3.0 0.8 0.05  3.5  0.9961  1000000  0.7  0.0001
1 111  A057  HLZ  SM  01	3  80  0.939 3.0 0.8 0.05  3.5  0.9961  1000000  0.1  0.008
1 111  A063  HLZ  SM  01	3  80  0.939 3.0 0.8 0.05  4.5  0.9961  1000000  0.001  0.02
1 111  A107  HLZ  SM  01	3  80  0.939 3.0 0.8 0.05  4.5  0.9961  1000000  0.1  0.001
1 111  A060  HLZ  SM  01	3  80  0.939 3.0 0.8 0.05  4.5  0.9961  1000000  0.1  0.001
1 111  A059  HLZ  SM  01	3  80  0.939 3.0 0.8 0.05  4.5  0.9961  1000000  0.1   0.008
1 111  A061  HLZ  SM  01	3  80  0.939 3.0 0.8 0.05  4.5  0.9961  1000000  0.1  0.001
1 111  B012  HLZ  SM  01	3  80  0.939 3.0 0.8 0.15  4.5  0.9961  1000000  0.001  0.005
1 111  B011  HLZ  SM  01	3  80  0.939 3.0 0.8 0.15  4.5  0.9961  1000000  0.01  0.001
1 111  B006  HLZ  SM  01	3  80  0.939 3.0 0.8 0.15  4.5  0.9961  1000000  0.01  0.001
1 111  B004  HLZ  SM  01	3  80  0.939 3.0 0.8 0.15  4.5  0.9961  1000000  0.01  0.001
1 111  B014  HLZ  SM  01	3  80  0.939 3.0 0.8 0.15  4.5  0.9961  1000000  0.01  0.001
1 111  B013  HLZ  SM  01	3  80  0.939 3.0 0.8 0.15  4.5  0.9961  1000000  0.01  0.001
1 111  B003  HLZ  SM  01	3  80  0.939 3.0 0.8 0.15  4.5  0.9961  1000000  0.001  0.004
1 111  B175  HLZ  SM  01	3  80  0.939 3.0 0.8 0.15  4.5  0.9961  1000000  0.01  0.001
1 111  B176  HLZ  SM  01	3  80  0.939 3.0 0.8 0.15  4.5  0.9961  1000000  0.01  0.001
1 111  B027  HLZ  SM  01	3  80  0.939 3.0 0.8 0.10  5.5  0.9961  1000000  0.1  0.008
1 111  B021  HLZ  SM  01	3  80  0.939 3.0 0.8 0.05  3.5  0.9961  1000000  0.1  0.001
1 111  B018  HLZ  SM  01	3  80  0.939 3.0 0.8 0.05  4.5  0.9961  1000000  0.01  0.001
1 111  B019  HLZ  SM  01	3  80  0.939 3.0 0.8 0.15  4.5  0.9961  1000000  0.01  0.001
0 111  B026  HLZ  SM  01	3  80  0.939 3.0 0.8 0.15  4.5  0.9961  1000000  0.001  0.02
1 111  B023  HLZ  SM  01	3  80  0.939 3.0 0.8 0.05  3.5  0.9961  1000000  0.1  0.001
1 111  B028  HLZ  SM  01	3  80  0.939 3.0 0.8 0.05  3.5  0.9961  1000000  0.1  0.001
1 111  B022  HLZ  SM  01	3  80  0.939 3.0 0.8 0.05  4.0  0.9961  1000000  0.8  0.001
1 111  B095  HLZ  SM  01	3  80  0.939 3.0 0.8 0.05  4.0  0.9961  1000000  0.5  0.001
1 111  H134  HLZ  SM  01	3  80  0.939 3.0 0.8 0.10  3.5  0.9961  1000000  0.1  0.01
1 111  B016  HLZ  SM  01	3  80  0.939 3.0 0.8 0.15  4.5  0.9961  1000000  0.01  0.001
1 111  B097  HLZ  SM  01	3  80  0.939 3.0 0.8 0.15  4.5  0.9961  1000000  0.01  0.001
1 111  B041  HLZ  SM  01	3  80  0.939 3.0 0.8 0.10  4.5  0.9961  1000000  0.4  0.001
1 111  B037  HLZ  SM  01	3  80  0.939 3.0 0.8 0.15  4.5  0.9961  1000000  0.01  0.001
1 111  B043  HLZ  SM  01	3  80  0.939 3.0 0.8 0.15  4.5  0.9961  1000000  0.01  0.001
1 111  B035  HLZ  SM  01	3  80  0.939 3.0 0.8 0.15  4.5  0.9961  1000000  0.001  0.03
1 111  H178  HLZ  SM  01	3  80  0.939 3.0 0.8 0.05  4.5  0.9961  1000000  0.3  0.001
1 111  B032  HLZ  SM  01	3  80  0.939 3.0 0.8 0.15  4.5  0.9961  1000000  0.001  0.005
1 111  B039  HLZ  SM  01	3  80  0.939 3.0 0.8 0.10  4.0  0.9961  1000000  0.1   0.001
1 111  B030  HLZ  SM  01	3  80  0.939 3.0 0.8 0.15  4.5  0.9961  1000000  0.01  0.001
1 111  B029  HLZ  SM  01	3  80  0.939 3.0 0.8 0.15  4.5  0.9961  1000000  0.001  0.004
1 111  B034  HLZ  SM  01	3  80  0.939 3.0 0.8 0.15  4.5  0.9961  1000000  0.01  0.001
1 111  B177  HLZ  SM  01	3  80  0.939 3.0 0.8 0.05  3.0  0.9961  1000000  0.8  0.01
1 111  B045  HLZ  SM  01	3  80  0.939 3.0 0.8 0.10  4.0  0.9961  1000000  0.2  0.001
1 111  H176  HLZ  SM  01	3  80  0.939 3.0 0.8 0.05  4.0  0.9961  1000000  0.01  0.001
1 111  B102  HLZ  SM  01	3  80  0.939 3.0 0.8 0.15  4.5  0.9961  1000000  0.1  0.001
1 111  B062  HLZ  SM  01	3  80  0.939 3.0 0.8 0.05  4.5  0.9961  1000000  0.2  0.008
1 111  B069  HLZ  SM  01	3  80  0.939 3.0 0.8 0.15  4.5  0.9961  1000000  0.01  0.001
1 111  B059  HLZ  SM  01	3  80  0.939 3.0 0.8 0.15  4.5  0.9961  1000000  0.001  0.02
1 111  B104  HLZ  SM  01	3  80  0.939 3.0 0.8 0.15  4.5  0.9961  1000000  0.01  0.001
0 111  B149  HLZ  SM  01	3  80  0.939 3.0 0.8 0.15  4.5  0.9961  1000000  0.01  0.001
1 111  B103  HLZ  SM  01	3  80  0.939 3.0 0.8 0.15  4.5  0.9961  1000000  0.001  0.75
1 111  B136  HLZ  SM  01	3  80  0.939 3.0 0.8 0.05  4.5  0.9961  1000000  1.0  0.001
1 111  B066  HLZ  SM  01	3  80  0.939 3.0 0.8 0.05  3.0  0.9961  1000000  0.001  0.007
1 111  B060  HLZ  SM  01	3  80  0.939 3.0 0.8 0.15  4.5  0.9961  1000000  0.001  0.1
1 111  B174  HLZ  SM  01	3  80  0.939 3.0 0.8 0.05  4.5  0.9961  1000000  0.1  0.001
1 111  B068  HLZ  SM  01	3  80  0.939 3.0 0.8 0.05  4.5  0.9961  1000000  0.1  0.01
0 111  B135  HLZ  SM  01	3  80  0.939 3.0 0.8 0.05  5.0  0.9961  1000000  0.01  0.001
1 111  B063  HLZ  SM  01	3  80  0.939 3.0 0.8 0.15  4.5  0.9961  1000000  0.01  0.001
1 111  B061  HLZ  SM  01	3  80  0.939 3.0 0.8 0.15  4.5  0.9961  1000000  0.01  0.001
1 111  B070  HLZ  SM  01	3  80  0.939 3.0 0.8 0.15  4.5  0.9961  1000000  0.01  0.001
1 111  B099  HLZ  SM  01	3  80  0.939 3.0 0.8 0.15  4.5  0.9961  1000000  0.5  0.001
1 111  B051  HLZ  SM  01	3  80  0.939 3.0 0.8 0.15  4.5  0.9961  1000000  0.1  0.001
1 111  B050  HLZ  SM  01	3  80  0.939 3.0 0.8 0.05  4.0  0.9961  1000000  0.5  0.001
1 111  B056  HLZ  SM  01	3  80  0.939 3.0 0.8 0.05  4.0  0.9961  1000000  1.0  0.001
1 111  B053  HLZ  SM  01	3  80  0.939 3.0 0.8 0.15  4.5  0.9961  1000000  0.01  0.001
1 111  B170  HLZ  SM  01	3  80  0.939 3.0 0.8 0.15  4.5  0.9961  1000000  0.01  0.001
1 111  B171  HLZ  SM  01	3  80  0.939 3.0 0.8 0.15  4.5  0.9961  1000000  0.01  0.001
1 111  B172  HLZ  SM  01	3  80  0.939 3.0 0.8 0.05  4.0  0.9961  1000000  1.01  0.001
1 111  B173  HLZ  SM  01	3  80  0.939 3.0 0.8 0.05  4.0  0.9961  1000000  1.01  0.001
1 111  B071  HLZ  SM  01	3  80  0.939 3.0 0.8 0.15  4.5  0.9961  1000000  0.01  0.001
1 111  B077  HLZ  SM  01	3  80  0.939 3.0 0.8 0.05  4.5  0.9961  1000000  0.5    0.02
1 111  B143  HLZ  SM  01	3  80  0.939 3.0 0.8 0.05  5.0  0.9961  1000000  0.5  0.002
1 111  B078  HLZ  SM  01	3  80  0.939 3.0 0.8 0.15  3.5  0.9961  1000000  0.1    0.005
1 111  B184  HLZ  SM  01	3  80  0.939 3.0 0.8 0.05  4.5  0.9961  1000000  0.27   0.01
1 111  B112  HLZ  SM  01	3  80  0.939 3.0 0.8 0.15  4.5  0.9961  1000000  0.001  0.01
1 111  B111  HLZ  SM  01	3  80  0.939 3.0 0.8 0.15  4.5  0.9961  1000000  0.01  0.001
1 111  B162  HLZ  SM  01	3  80  0.939 3.0 0.8 0.15  4.5  0.9961  1000000  0.01  0.001
1 111  B115  HLZ  SM  01	3  80  0.939 3.0 0.8 0.15  4.5  0.9961  1000000  0.001  0.03
1 111  B116  HLZ  SM  01	3  80  0.939 3.0 0.8 0.15  4.5  0.9961  1000000  1.5  0.02
1 111  B117  HLZ  SM  01	3  80  0.939 3.0 0.8 0.15  4.5  0.9961  1000000  0.001  0.005
1 111  B146  HLZ  SM  01	3  80  0.939 3.0 0.8 0.15  4.5  0.9961  1000000  0.001  0.02
1 111  B123  HLZ  SM  01	3  80  0.939 3.0 0.8 0.15  4.5  0.9961  1000000  1.5  0.1
1 111  B120  HLZ  SM  01	3  80  0.939 3.0 0.8 0.05  4.0  0.9961  1000000  0.3  0.01
1 111  B118  HLZ  SM  01	3  80  0.939 3.0 0.8 0.15  4.5  0.9961  1000000  0.5    0.03
1 111  B139  HLZ  SM  01	3  80  0.939 3.0 0.8 0.15  4.5  0.9961  1000000  0.01  0.001
0 111  B138  HLZ  SM  01	3  80  0.939 3.0 0.6 0.10  3.0  0.9961  1000000  0.2    0.001
1 111  B122  HLZ  SM  01	3  80  0.939 3.0 0.8 0.15  4.5  0.9961  1000000  0.01  0.001
1 111  B121  HLZ  SM  01	3  80  0.939 3.0 0.8 0.15  4.5  0.9961  1000000  0.6  0.03
1 111  B145  HLZ  SM  01	3  80  0.939 3.0 0.8 0.15  4.5  0.9961  1000000  0.001  0.02
1 111  B141  HLZ  SM  01	3  80  0.939 3.0 0.8 0.15  4.5  0.9961  1000000  0.01  0.001
1 111  B178  HLZ  SM  01	3  80  0.939 3.0 0.8 0.15  5.0  0.9961  1000000  0.001  0.008
1 111  B179  HLZ  SM  01	3  80  0.939 3.0 0.8 0.15  4.5  0.9961  1000000  0.001  0.01
1 111  B180  HLZ  SM  01	3  80  0.939 3.0 0.8 0.15  4.5  0.9961  1000000  0.001  0.007
1 111  B181  HLZ  SM  01	3  80  0.939 3.0 0.8 0.15  4.5  0.9961  1000000  0.001  0.01
1 111  B182  HLZ  SM  01	3  80  0.939 3.0 0.8 0.15  4.5  0.9961  1000000  1.5  0.008
1 111  B183  HLZ  SM  01	3  80  0.939 3.0 0.8 0.15  4.5  0.9961  1000000  0.1  0.008
1 111  C104  HLZ  SM  01	3  80  0.939 3.0 0.8 0.10  4.5  0.9961  1000000  0.1    0.008
1 111  C002  HLZ  SM  01	3  80  0.939 3.0 0.8 0.10  4.5  0.9961  1000000  3.5    0.03
1 111  C092  HLZ  SM  01	3  80  0.939 3.0 0.8 0.10  4.5  0.9961  1000000  0.1    0.01
1 111  C032  HLZ  SM  01	3  80  0.939 3.0 0.8 0.10  4.5  0.9961  1000000  1.5    0.01
1 111  C025  HLZ  SM  01	3  80  0.939 3.0 0.8 0.05  4.5  0.9961  1000000  1.0    0.001
1 111  C024  HLZ  SM  01	3  80  0.939 3.0 0.8 0.05  4.0  0.9961  1000000  0.8    0.008
1 111  C026  HLZ  SM  01	3  80  0.939 3.0 0.8 0.15  4.5  0.9961  1000000  0.001  0.009
1 111  C094  HLZ  SM  01	3  80  0.939 3.0 0.8 0.15  4.5  0.9961  1000000  0.01  0.001
0 111  C027  HLZ  SM  01	3  80  0.939 3.0 0.8 0.15  4.5  0.9961  1000000  0.01  0.001
1 111  C001  HLZ  SM  01	3  80  0.939 3.0 0.8 0.15  4.5  0.9961  1000000  0.01  0.001
1 111  C082  HLZ  SM  01	3  80  0.939 3.0 0.8 0.10  4.5  0.9961  1000000  1.5    0.1
1 111  C112  HLZ  SM  01	3  80  0.939 3.0 0.8 0.15  4.5  0.9961  1000000  0.01  0.001
1 111  C004  HLZ  SM  01	3  80  0.939 3.0 0.8 0.10  4.5  0.9961  1000000  0.5  0.1
1 111  C139  HLZ  SM  01	3  80  0.939 3.0 0.8 0.10  4.5  0.9961  1000000  0.001  0.02
1 111  C138  HLZ  SM  01	3  80  0.939 3.0 0.8 0.10  4.5  0.9961  1000000  0.3    0.02
1 111  C095  HLZ  SM  01	3  80  0.939 3.0 0.8 0.10  3.5  0.9961  1000000  0.4    0.07
1 111  C008  HLZ  SM  01	3  80  0.939 3.0 0.8 0.15  4.5  0.9961  1000000  1.5        0.01
1 111  C012  HLZ  SM  01	3  80  0.939 3.0 0.8 0.10  4.5  0.9961  1000000  2.5    0.04
1 111  C005  HLZ  SM  01	3  80  0.939 3.0 0.8 0.10  4.5  0.9961  1000000  0.1    0.008
1 111  C105  HLZ  SM  01	3  80  0.939 3.0 0.8 0.05  5.0  0.9961  1000000  0.7    0.008
1 111  C123  HLZ  SM  01	3  80  0.939 3.0 0.8 0.15  4.5  0.9961  1000000  0.3       0.008
1 111  C043  HLZ  SM  01	3  80  0.939 3.0 0.8 0.10  4.0  0.9961  1000000  0.3  0.001
1 111  C106  HLZ  SM  01	3  80  0.939 3.0 0.8 0.10  4.5  0.9961  1000000  0.35    0.008
1 111  C087  HLZ  SM  01	3  80  0.939 3.0 0.8 0.05  4.5  0.9961  1000000  0.3    0.001
1 111  C035  HLZ  SM  01	3  80  0.939 3.0 0.8 0.05  3.0  0.9961  1000000  0.05  0.001
1 111  C144  HLZ  SM  01	3  80  0.939 3.0 0.8 0.10  4.5  0.9961  1000000  1.0    0.02
1 111  C145  HLZ  SM  01	3  80  0.939 3.0 0.8 0.10  4.5  0.9961  1000000  0.3    0.008
1 111  C006  HLZ  SM  01	3  80  0.939 3.0 0.8 0.15  4.5  0.9961  1000000  0.01  0.001
1 111  C047  HLZ  SM  01	3  80  0.939 3.0 0.8 0.10  3.5  0.9961  1000000  2.0    0.005
1 111  C107  HLZ  SM  01	3  80  0.939 3.0 0.8 0.10  4.0  0.9961  1000000  0.6    0.001
1 111  C129  HLZ  SM  01	3  80  0.939 3.0 0.8 0.10  4.0  0.9961  1000000  0.5  0.001
1 111  C015  HLZ  SM  01	3  80  0.939 3.0 0.8 0.05  4.0  0.9961  1000000  0.5  0.001
1 111  C146  HLZ  SM  01	3  80  0.939 3.0 0.8 0.05  4.5  0.9961  1000000  1.0   0.01
1 111  C053  HLZ  SM  01	3  80  0.939 3.0 0.8 0.10  3.5  0.9961  1000000  0.5  0.001
1 111  C049  HLZ  SM  01	3  80  0.939 3.0 0.8 0.10  4.0  0.9961  1000000  0.5  0.001
1 111  C017  HLZ  SM  01	3  80  0.939 3.0 0.8 0.10  3.5  0.9961  1000000  0.7  0.005
1 111  C100  HLZ  SM  01	3  80  0.939 3.0 0.8 0.10  4.5  0.9961  1000000  0.5  0.02
1 111  C058  HLZ  SM  01	3  80  0.939 3.0 0.8 0.10  5.5  0.9961  1000000  0.5    0.008
1 111  C131  HLZ  SM  01	3  80  0.939 3.0 0.8 0.10  4.5  0.9961  1000000  0.7    0.01
1 111  C016  HLZ  SM  01	3  80  0.939 3.0 0.8 0.15  4.5  0.9961  1000000  0.1  0.008
1 111  C056  HLZ  SM  01	3  80  0.939 3.0 0.8 0.10  4.5  0.9961  1000000  1.0    0.03
1 111  C021  HLZ  SM  01	3  80  0.939 3.0 0.8 0.05  5.0  0.9961  1000000  1.7    0.1
1 111  C060  HLZ  SM  01	3  80  0.939 3.0 0.8 0.15  4.5  0.9961  1000000  0.01  0.001
1 111  C062  HLZ  SM  01	3  80  0.939 3.0 0.8 0.05  5.0  0.9961  1000000  0.8    0.01
1 111  C022  HLZ  SM  01	3  80  0.939 3.0 0.8 0.05  4.5  0.9961  1000000  0.3   0.02
1 111  C066  HLZ  SM  01	3  80  0.939 3.0 0.8 0.10  3.5  0.9961  1000000  0.8   0.001
1 111  C023  HLZ  SM  01	3  80  0.939 3.0 0.8 0.10  4.5  0.9961  1000000  0.3   0.001
1 111  C065  HLZ  SM  01	3  80  0.939 3.0 0.8 0.05  4.5  0.9961  1000000  1.0   0.001
1 111  C096  HLZ  SM  01	3  80  0.939 3.0 0.8 0.10  3.5  0.9961  1000000  1.5   0.001
1 111  C069  HLZ  SM  01	3  80  0.939 3.0 0.8 0.15  4.5  0.9961  1000000  0.001  0.01
1 111  C097  HLZ  SM  01	3  80  0.939 3.0 0.8 0.15  4.5  0.9961  1000000  0.001  0.006
1 111  C116  HLZ  SM  01	3  80  0.939 3.0 0.8 0.05  3.5  0.9961  1000000  0.7  0.009
1 111  C098  HLZ  SM  01	3  80  0.939 3.0 0.8 0.10  4.5  0.9961  1000000  2.0  0.001
1 111  C140  HLZ  SM  01	3  80  0.939 3.0 0.8 0.10  5.0  0.9961  1000000  0.8  0.008
1 111  C141  HLZ  SM  01	3  80  0.939 3.0 0.8 0.10  3.5  0.9961  1000000  0.7  0.008
1 111  C142  HLZ  SM  01	3  80  0.939 3.0 0.8 0.10  4.5  0.9961  1000000  0.3  0.008
1 111  C143  HLZ  SM  01	3  80  0.939 3.0 0.8 0.05  4.5  0.9961  1000000  0.5    0.01
0 111  D035  HLZ  SM  01	3  80  0.939 3.0 0.8 0.10  4.5  0.9961  1000000  0.5   0.001
0 111  D033  HLZ  SM  01	3  80  0.939 3.0 0.8 0.05  4.5  0.9961  1000000  0.4  0.001
1 111  D031  HLZ  SM  01	3  80  0.939 3.0 0.8 0.05  4.5  0.9961  1000000  1.2   0.001
1 111  D071  HLZ  SM  01	3  80  0.939 3.0 0.8 0.15  4.5  0.9961  1000000  0.6    0.008
1 111  D070  HLZ  SM  01	3  80  0.939 3.0 0.8 0.05  4.5  0.9961  1000000  0.2    0.005
1 111  D029  HLZ  SM  01	3  80  0.939 3.0 0.8 0.10  4.5  0.9961  1000000  0.6  0.02
1 111  D028  HLZ  SM  01	3  80  0.939 3.0 0.8 0.10  4.5  0.9961  1000000  0.3  0.008
1 111  D074  HLZ  SM  01	3  80  0.939 3.0 0.8 0.15  4.5  0.9961  1000000  0.01  0.001
1 111  D072  HLZ  SM  01	3  80  0.939 3.0 0.8 0.10  5.5  0.9961  1000000  0.35  0.01
1 111  D032  HLZ  SM  01	3  80  0.939 3.0 0.8 0.10  4.0  0.9961  1000000  0.8  0.001
1 111  D044  HLZ  SM  01	3  80  0.939 3.0 0.8 0.10  4.5  0.9961  1000000  1.3  0.001
0 111  D075  HLZ  SM  01	3  80  0.939 3.0 0.8 0.10  4.5  0.9961  1000000  0.5  0.001
1 111  D076  HLZ  SM  01	3  80  0.939 3.0 0.6 0.10  4.0  0.9961  1000000  0.5   0.01
1 111  D039  HLZ  SM  01	3  80  0.939 3.0 0.8 0.15  4.5  0.9961  1000000  0.01  0.001
1 111  D115  HLZ  SM  01	3  80  0.939 3.0 0.8 0.15  4.5  0.9961  1000000  0.1  0.008
1 111  D077  HLZ  SM  01	3  80  0.939 3.0 0.8 0.05  4.5  0.9961  1000000  2.0    0.008
1 111  D079  HLZ  SM  01	3  80  0.939 3.0 0.8 0.10  4.5  0.9961  1000000  1.5  0.01
1 111  D034  HLZ  SM  01	3  80  0.939 3.0 0.8 0.10  4.5  0.9961  1000000  0.1  0.01
1 111  D097  HLZ  SM  01	3  80  0.939 3.0 0.8 0.15  4.5  0.9961  1000000  0.01  0.001
1 111  D111  HLZ  SM  01	3  80  0.939 3.0 0.8 0.10  4.5  0.9961  1000000  0.9    0.03
1 111  D113  HLZ  SM  01	3  80  0.939 3.0 0.8 0.10  4.0  0.9961  1000000  0.5  0.01
1 111  D114  HLZ  SM  01	3  80  0.939 3.0 0.8 0.10  4.0  0.9961  1000000  0.6  0.001
1 110  D112  HLZ  SM  01	3  80  0.939 3.0 0.8 0.10  4.0  0.9961  1000000  0.9  0.001
1 111  A004  HLZ  SM  01    3  80  0.939 3.0 0.8 0.10  4.0  0.9961  1000000  0.6  0.001	
1 111  A008  HLZ  SM  01    3  80  0.939 3.0 0.8 0.10  4.0  0.9961  1000000  0.6  0.001	
1 111  A015  HLZ  SM  01    3  80  0.939 3.0 0.8 0.10  4.0  0.9961  1000000  0.6  0.001	
1 111  A036  HLZ  SM  01    3  80  0.939 3.0 0.8 0.10  4.0  0.9961  1000000  0.6  0.001	
1 111  A131  HLZ  SM  01    3  80  0.939 3.0 0.8 0.10  4.0  0.9961  1000000  0.6  0.001	
1 111  A133  HLZ  SM  01    3  80  0.939 3.0 0.8 0.10  4.0  0.9961  1000000  0.6  0.001	
1 111  B036  HLZ  SM  01    3  80  0.939 3.0 0.8 0.10  4.0  0.9961  1000000  0.6  0.001	
1 111  B049  HLZ  SM  01    3  80  0.939 3.0 0.8 0.10  4.0  0.9961  1000000  0.6  0.001	
1 111  B090  HLZ  SM  01    3  80  0.939 3.0 0.8 0.10  4.0  0.9961  1000000  0.6  0.001	
1 111  B131  HLZ  SM  01    3  80  0.939 3.0 0.8 0.10  4.0  0.9961  1000000  0.6  0.001	
1 111  B158  HLZ  SM  01    3  80  0.939 3.0 0.8 0.10  4.0  0.9961  1000000  0.6  0.001	
1 111  B167  HLZ  SM  01    3  80  0.939 3.0 0.8 0.10  4.0  0.9961  1000000  0.6  0.001	
1 111  B169  HLZ  SM  01    3  80  0.939 3.0 0.8 0.10  4.0  0.9961  1000000  0.6  0.001	
1 111  B185  HLZ  SM  01    3  80  0.939 3.0 0.8 0.10  4.0  0.9961  1000000  0.6  0.001	
1 111  B186  HLZ  SM  01    3  80  0.939 3.0 0.8 0.10  4.0  0.9961  1000000  0.6  0.001	
1 111  B187  HLZ  SM  01    3  80  0.939 3.0 0.8 0.10  4.0  0.9961  1000000  0.6  0.001	
1 111  B188  HLZ  SM  01    3  80  0.939 3.0 0.8 0.10  4.0  0.9961  1000000  0.6  0.001	
1 111  B189  HLZ  SM  01    3  80  0.939 3.0 0.8 0.10  4.0  0.9961  1000000  0.6  0.001	
1 111  B190  HLZ  SM  01    3  80  0.939 3.0 0.8 0.10  4.0  0.9961  1000000  0.6  0.001	
1 111  B191  HLZ  SM  01    3  80  0.939 3.0 0.8 0.10  4.0  0.9961  1000000  0.6  0.001	
1 111  B192  HLZ  SM  01    3  80  0.939 3.0 0.8 0.10  4.0  0.9961  1000000  0.6  0.001	
1 111  B193  HLZ  SM  01    3  80  0.939 3.0 0.8 0.10  4.0  0.9961  1000000  0.6  0.001	
1 111  B194  HLZ  SM  01    3  80  0.939 3.0 0.8 0.10  4.0  0.9961  1000000  0.6  0.001	
1 111  B195  HLZ  SM  01    3  80  0.939 3.0 0.8 0.10  4.0  0.9961  1000000  0.6  0.001	
1 111  B196  HLZ  SM  01    3  80  0.939 3.0 0.8 0.10  4.0  0.9961  1000000  0.6  0.001	
1 111  B214  HLZ  SM  01    3  80  0.939 3.0 0.8 0.10  4.0  0.9961  1000000  0.6  0.001	
1 111  C010  HLZ  SM  01    3  80  0.939 3.0 0.8 0.10  4.0  0.9961  1000000  0.6  0.001	
1 111  C011  HLZ  SM  01    3  80  0.939 3.0 0.8 0.10  4.0  0.9961  1000000  0.6  0.001	
1 111  C014  HLZ  SM  01    3  80  0.939 3.0 0.8 0.10  4.0  0.9961  1000000  0.6  0.001	
1 111  C028  HLZ  SM  01    3  80  0.939 3.0 0.8 0.10  4.0  0.9961  1000000  0.6  0.001	
1 111  C029  HLZ  SM  01    3  80  0.939 3.0 0.8 0.10  4.0  0.9961  1000000  0.6  0.001	
1 111  C036  HLZ  SM  01    3  80  0.939 3.0 0.8 0.10  4.0  0.9961  1000000  0.6  0.001	
1 111  C037  HLZ  SM  01    3  80  0.939 3.0 0.8 0.10  4.0  0.9961  1000000  0.6  0.001	
1 111  C044  HLZ  SM  01    3  80  0.939 3.0 0.8 0.10  4.0  0.9961  1000000  0.6  0.001	
1 111  C045  HLZ  SM  01    3  80  0.939 3.0 0.8 0.10  4.0  0.9961  1000000  0.6  0.001	
1 111  C083  HLZ  SM  01    3  80  0.939 3.0 0.8 0.10  4.0  0.9961  1000000  0.6  0.001	
1 111  C084  HLZ  SM  01    3  80  0.939 3.0 0.8 0.10  4.0  0.9961  1000000  0.6  0.001	
1 111  C093  HLZ  SM  01    3  80  0.939 3.0 0.8 0.10  4.0  0.9961  1000000  0.6  0.001	
1 111  C109  HLZ  SM  01    3  80  0.939 3.0 0.8 0.10  4.0  0.9961  1000000  0.6  0.001	
1 111  C113  HLZ  SM  01    3  80  0.939 3.0 0.8 0.10  4.0  0.9961  1000000  0.6  0.001	
1 111  C119  HLZ  SM  01    3  80  0.939 3.0 0.8 0.10  4.0  0.9961  1000000  0.6  0.001	
1 111  C126  HLZ  SM  01    3  80  0.939 3.0 0.8 0.10  4.0  0.9961  1000000  0.6  0.001	
1 111  C137  HLZ  SM  01    3  80  0.939 3.0 0.8 0.10  4.0  0.9961  1000000  0.6  0.001	
1 111  C147  HLZ  SM  01    3  80  0.939 3.0 0.8 0.10  4.0  0.9961  1000000  0.6  0.001	
1 111  C148  HLZ  SM  01    3  80  0.939 3.0 0.8 0.10  4.0  0.9961  1000000  0.6  0.001	
1 111  C149  HLZ  SM  01    3  80  0.939 3.0 0.8 0.10  4.0  0.9961  1000000  0.6  0.001	
1 111  C157  HLZ  SM  01    3  80  0.939 3.0 0.8 0.10  4.0  0.9961  1000000  0.6  0.001	
1 111  D117  HLZ  SM  01    3  80  0.939 3.0 0.8 0.10  4.0  0.9961  1000000  0.6  0.001	
1 111  D118  HLZ  SM  01    3  80  0.939 3.0 0.8 0.10  4.0  0.9961  1000000  0.6  0.001	
1 111  E015  HLZ  SM  01    3  80  0.939 3.0 0.8 0.10  4.0  0.9961  1000000  0.6  0.001	
1 111  E020  HLZ  SM  01    3  80  0.939 3.0 0.8 0.10  4.0  0.9961  1000000  0.6  0.001	
1 111  E059  HLZ  SM  01    3  80  0.939 3.0 0.8 0.10  4.0  0.9961  1000000  0.6  0.001	
1 111  E068  HLZ  SM  01    3  80  0.939 3.0 0.8 0.10  4.0  0.9961  1000000  0.6  0.001	
1 111  E071  HLZ  SM  01    3  80  0.939 3.0 0.8 0.10  4.0  0.9961  1000000  0.6  0.001	
1 111  E072  HLZ  SM  01    3  80  0.939 3.0 0.8 0.10  4.0  0.9961  1000000  0.6  0.001	
1 111  F002  HLZ  SM  01    3  80  0.939 3.0 0.8 0.10  4.0  0.9961  1000000  0.6  0.001	
1 111  F004  HLZ  SM  01    3  80  0.939 3.0 0.8 0.10  4.0  0.9961  1000000  0.6  0.001	
1 111  F028  HLZ  SM  01    3  80  0.939 3.0 0.8 0.10  4.0  0.9961  1000000  0.6  0.001	
1 111  F033  HLZ  SM  01    3  80  0.939 3.0 0.8 0.10  4.0  0.9961  1000000  0.6  0.001	
1 111  F037  HLZ  SM  01    3  80  0.939 3.0 0.8 0.10  4.0  0.9961  1000000  0.6  0.001	
1 111  F039  HLZ  SM  01    3  80  0.939 3.0 0.8 0.10  4.0  0.9961  1000000  0.6  0.001	
1 111  F044  HLZ  SM  01    3  80  0.939 3.0 0.8 0.10  4.0  0.9961  1000000  0.6  0.001	
1 111  F048  HLZ  SM  01    3  80  0.939 3.0 0.8 0.10  4.0  0.9961  1000000  0.6  0.001	
1 111  F049  HLZ  SM  01    3  80  0.939 3.0 0.8 0.10  4.0  0.9961  1000000  0.6  0.001	
1 111  F053  HLZ  SM  01    3  80  0.939 3.0 0.8 0.10  4.0  0.9961  1000000  0.6  0.001	
1 111  F054  HLZ  SM  01    3  80  0.939 3.0 0.8 0.10  4.0  0.9961  1000000  0.6  0.001	
1 111  F059  HLZ  SM  01    3  80  0.939 3.0 0.8 0.10  4.0  0.9961  1000000  0.6  0.001	
1 111  F063  HLZ  SM  01    3  80  0.939 3.0 0.8 0.10  4.0  0.9961  1000000  0.6  0.001	
1 111  F066  HLZ  SM  01    3  80  0.939 3.0 0.8 0.10  4.0  0.9961  1000000  0.6  0.001	
1 111  F068  HLZ  SM  01    3  80  0.939 3.0 0.8 0.10  4.0  0.9961  1000000  0.6  0.001	
1 111  F069  HLZ  SM  01    3  80  0.939 3.0 0.8 0.10  4.0  0.9961  1000000  0.6  0.001	
1 111  G003  HLZ  SM  01    3  80  0.939 3.0 0.8 0.10  4.0  0.9961  1000000  0.6  0.001	
1 111  G011  HLZ  SM  01    3  80  0.939 3.0 0.8 0.10  4.0  0.9961  1000000  0.6  0.001	
1 111  G024  HLZ  SM  01    3  80  0.939 3.0 0.8 0.10  4.0  0.9961  1000000  0.6  0.001	
1 111  G028  HLZ  SM  01    3  80  0.939 3.0 0.8 0.10  4.0  0.9961  1000000  0.6  0.001	
1 111  G030  HLZ  SM  01    3  80  0.939 3.0 0.8 0.10  4.0  0.9961  1000000  0.6  0.001	
1 111  G032  HLZ  SM  01    3  80  0.939 3.0 0.8 0.10  4.0  0.9961  1000000  0.6  0.001	
1 111  G038  HLZ  SM  01    3  80  0.939 3.0 0.8 0.10  4.0  0.9961  1000000  0.6  0.001	
1 111  G041  HLZ  SM  01    3  80  0.939 3.0 0.8 0.10  4.0  0.9961  1000000  0.6  0.001	
1 111  G046  HLZ  SM  01    3  80  0.939 3.0 0.8 0.10  4.0  0.9961  1000000  0.6  0.001	
1 111  G047  HLZ  SM  01    3  80  0.939 3.0 0.8 0.10  4.0  0.9961  1000000  0.6  0.001	
1 111  G048  HLZ  SM  01    3  80  0.939 3.0 0.8 0.10  4.0  0.9961  1000000  0.6  0.001	
1 111  G049  HLZ  SM  01    3  80  0.939 3.0 0.8 0.10  4.0  0.9961  1000000  0.6  0.001	
1 111  G056  HLZ  SM  01    3  80  0.939 3.0 0.8 0.10  4.0  0.9961  1000000  0.6  0.001	
1 111  G057  HLZ  SM  01    3  80  0.939 3.0 0.8 0.10  4.0  0.9961  1000000  0.6  0.001	
1 111  G058  HLZ  SM  01    3  80  0.939 3.0 0.8 0.10  4.0  0.9961  1000000  0.6  0.001	
1 111  H145  HLZ  SM  01    3  80  0.939 3.0 0.8 0.10  4.0  0.9961  1000000  0.6  0.001	
1 111  E070  HLZ  SM  01    3  80  0.939 3.0 0.8 0.10  4.0  0.9961  1000000  0.6  0.001	
1 111  D005  HLZ  SM  01    3  80  0.939 3.0 0.8 0.10  4.0  0.9961  1000000  0.6  0.001	
1 111  D060  HLZ  SM  01    3  80  0.939 3.0 0.8 0.10  4.0  0.9961  1000000  0.6  0.001	
1 111  A111  HLZ  SM  01    3  80  0.939 3.0 0.8 0.10  4.0  0.9961  1000000  0.6  0.001	